1
2
5
118
119
121
8
9
10
11
122
123
128
124
125
126
128
124
125
126
128
129
130
24
48
26
50
27
51
118
119
120
118
119
121
122
123
128
124
125
127
128
124
125
127
128
129
130
118
119
121
122
123
128
124
125
127
128
124
125
127
128
129
130
118
119
121
122
123
128
124
125
126
128
124
125
127
128
129
130
118
119
121
122
123
128
124
125
126
128
124
125
127
128
129
130
28
52
29
53
30
54
31
55
42
66
43
67
45
69
46
70
47
71
1
2
5
8
9
10
11
18
19
72
95
74
97
75
98
76
99
77
100
78
101
134
140
136
137
139
79
102
89
112
90
113
92
115
93
116
94
117
23
1
2
5
8
9
10
11
72
95
73
96
131
140
133
134
140
136
137
138
118
119
121
122
123
128
124
125
127
128
124
125
127
128
129
130
139
1
2
5
8
9
10
11
72
95
74
97
75
98
76
99
77
100
78
101
134
140
136
137
139
79
102
89
112
90
113
92
115
93
116
94
117
134
140
136
137
138
118
119
121
122
123
128
124
125
126
128
124
125
126
128
129
130
139
134
140
136
137
138
118
119
121
122
123
128
124
125
127
128
124
125
127
128
129
130
139
131
140
132
1
2
5
8
9
10
11
12
13
24
48
26
50
27
51
28
52
29
53
30
54
31
55
42
66
43
67
45
69
46
70
47
71
17
1
2
5
8
9
10
11
18
19
72
95
73
96
20
21
22
